50 0.588566
100 0.598875
150 0.591378
200 0.595127
250 0.600750
300 0.595127
350 0.554827
400 0.591378
450 0.594189
500 0.598875
550 0.565136
600 0.610122
650 0.593252
700 0.624180
750 0.641987
800 0.656045
850 0.632615
900 0.670103
950 0.677601
1000 0.707591
1050 0.714152
1100 0.724461
1150 0.737582
1200 0.735708
1250 0.749766
1300 0.760075
1350 0.755389
1400 0.763824
1450 0.762887
1500 0.746954
1550 0.766635
1600 0.762887
1650 0.755389
1700 0.768510
1750 0.772259
1800 0.775070
1850 0.762887
1900 0.761012
1950 0.776945
2000 0.773196
2050 0.766635
2100 0.775070
2150 0.777882
2200 0.768510
2250 0.759138
2300 0.772259
2350 0.765698
2400 0.776945
2450 0.772259
2500 0.776945
2550 0.780694
2600 0.776945
2650 0.779756
2700 0.769447
2750 0.766635
2800 0.780694
2850 0.773196
2900 0.774133
2950 0.766635
3000 0.767573
3050 0.767573
3100 0.770384
3150 0.769447
3200 0.770384
3250 0.768510
3300 0.771321
3350 0.767573
3400 0.768510
3450 0.773196
3500 0.767573
3550 0.760075
3600 0.771321
3650 0.765698
3700 0.769447
3750 0.762887
3800 0.761012
3850 0.768510
3900 0.756326
3950 0.768510
4000 0.767573
4050 0.768510
4100 0.768510
4150 0.768510
4200 0.765698
4250 0.761012
4300 0.761949
4350 0.776945
4400 0.769447
4450 0.771321
4500 0.773196
4550 0.765698
4600 0.767573
4650 0.750703
4700 0.754452
4750 0.768510
4800 0.741331
4850 0.765698
4900 0.764761
4950 0.771321
5000 0.764761
5050 0.765698
5100 0.759138
5150 0.763824
5200 0.766635
5250 0.763824
5300 0.761012
5350 0.761012
5400 0.763824
5450 0.764761
5500 0.749766
5550 0.767573
5600 0.760075
5650 0.764761
5700 0.764761
5750 0.766635
5800 0.768510
5850 0.745080
5900 0.761949
5950 0.746017
6000 0.765698
6050 0.758201
6100 0.747891
6150 0.757263
6200 0.765698
6250 0.761012
6300 0.763824
6350 0.766635
6400 0.760075
6450 0.761012
6500 0.761012
6550 0.762887
6600 0.762887
6650 0.741331
6700 0.763824
6750 0.759138
6800 0.762887
6850 0.751640
6900 0.761949
6950 0.758201
7000 0.761949
7050 0.757263
7100 0.762887
7150 0.756326
7200 0.762887
7250 0.766635
7300 0.754452
7350 0.761949
7400 0.760075
7450 0.746954
7500 0.760075
7550 0.756326
7600 0.751640
7650 0.725398
7700 0.753515
7750 0.755389
7800 0.758201
7850 0.757263
7900 0.761949
7950 0.746954
8000 0.755389
8050 0.753515
8100 0.757263
8150 0.757263
8200 0.752577
8250 0.757263
8300 0.739456
8350 0.758201
8400 0.760075
8450 0.761949
8500 0.751640
8550 0.736645
8600 0.745080
8650 0.762887
8700 0.761949
8750 0.761012
8800 0.760075
8850 0.762887
8900 0.762887
8950 0.761949
9000 0.746954
9050 0.750703
9100 0.742268
9150 0.753515
9200 0.727273
9250 0.758201
9300 0.760075
9350 0.762887
9400 0.763824
9450 0.761012
9500 0.764761
9550 0.761012
9600 0.762887
