0.588566
0.598875
0.591378
0.595127
0.600750
0.595127
0.554827
0.591378
0.594189
0.598875
0.565136
0.610122
0.593252
0.624180
0.641987
0.656045
0.632615
0.670103
0.677601
0.707591
0.714152
0.724461
0.737582
0.735708
0.749766
0.760075
0.755389
0.763824
0.762887
0.746954
0.766635
0.762887
0.755389
0.768510
0.772259
0.775070
0.762887
0.761012
0.776945
0.773196
0.766635
0.775070
0.777882
0.768510
0.759138
0.772259
0.765698
0.776945
0.772259
0.776945
0.780694
0.776945
0.779756
0.769447
0.766635
0.780694
0.773196
0.774133
0.766635
0.767573
0.767573
0.770384
0.769447
0.770384
0.768510
0.771321
0.767573
0.768510
0.773196
0.767573
0.760075
0.771321
0.765698
0.769447
0.762887
0.761012
0.768510
0.756326
0.768510
0.767573
0.768510
0.768510
0.768510
0.765698
0.761012
0.761949
0.776945
0.769447
0.771321
0.773196
0.765698
0.767573
0.750703
0.754452
0.768510
0.741331
0.765698
0.764761
0.771321
0.764761
0.765698
0.759138
0.763824
0.766635
0.763824
0.761012
0.761012
0.763824
0.764761
0.749766
0.767573
0.760075
0.764761
0.764761
0.766635
0.768510
0.745080
0.761949
0.746017
0.765698
0.758201
0.747891
0.757263
0.765698
0.761012
0.763824
0.766635
0.760075
0.761012
0.761012
0.762887
0.762887
0.741331
0.763824
0.759138
0.762887
0.751640
0.761949
0.758201
0.761949
0.757263
0.762887
0.756326
0.762887
0.766635
0.754452
0.761949
0.760075
0.746954
0.760075
0.756326
0.751640
0.725398
0.753515
0.755389
0.758201
0.757263
0.761949
0.746954
0.755389
0.753515
0.757263
0.757263
0.752577
0.757263
0.739456
0.758201
0.760075
0.761949
0.751640
0.736645
0.745080
0.762887
0.761949
0.761012
0.760075
0.762887
0.762887
0.761949
0.746954
0.750703
0.742268
0.753515
0.727273
0.758201
0.760075
0.762887
0.763824
0.761012
0.764761
0.761012
0.762887
